Rk,Player,Yrs,From,To,G,MP,FG,FGA,3P,3PA,FT,FTA,ORB,TRB,AST,STL,BLK,TOV,PF,PTS,FG%,3P%,FT%,MP,PTS,TRB,AST,Date,City
1,Jaylen Adams\adamsja01,2,2019,2021,41,446,39,118,25,76,7,9,11,63,67,14,5,28,46,110,.331,.329,.778,10.9,2.7,1.5,1.6,May 4 1996,Baltimore
2,Jamel Artis\artisja01,1,2018,2018,15,279,31,79,8,29,7,12,4,38,18,2,3,8,11,77,.392,.276,.583,18.6,5.1,2.5,1.2,Jan 12 1993,Baltimore
3,Ken Bannister\bannike01,5,1985,1991,253,3867,586,1202,0,4,329,669,276,893,111,109,80,347,669,1501,.488,.000,.492,15.3,5.9,3.5,0.4,Apr 1 1960,Baltimore
4,Will Barton\bartowi01,10,2013,2022,575,14623,2440,5629,730,2059,969,1236,426,2432,1526,442,238,815,912,6579,.433,.355,.784,25.4,11.4,4.2,2.7,Jan 6 1991,Baltimore
5,Dave Batton\battoda01,2,1983,1984,58,589,90,201,0,3,8,17,46,123,32,15,16,32,61,188,.448,.000,.471,10.2,3.2,2.1,0.6,Mar 26 1956,Baltimore
6,Lonny Baxter\baxtelo01,4,2003,2006,162,1884,247,530,1,5,142,216,178,477,40,37,59,108,324,637,.466,.200,.657,11.6,3.9,2.9,0.2,Jan 27 1979,Silver Spring
7,Michael Beasley\beaslmi01,11,2009,2019,609,13903,3088,6644,291,835,1101,1450,664,2861,788,345,314,1025,1294,7568,.465,.349,.759,22.8,12.4,4.7,1.3,Jan 9 1989,Cheverly
8,Norman Black\blackno01,1,1981,1981,3,28,3,10,0,0,2,8,0,2,2,1,0,1,2,8,.300,,.250,9.3,2.7,0.7,0.7,Nov 12 1957,Baltimore
9,Muggsy Bogues\boguemu01,14,1988,2001,889,25429,2845,6210,106,381,1062,1284,534,2318,6726,1369,39,1433,1582,6858,.458,.278,.827,28.6,7.7,2.6,7.6,Jan 9 1965,Baltimore
10,Josh Boone\boonejo01,4,2007,2010,256,4482,567,1042,0,0,206,463,484,1258,125,99,178,169,466,1340,.544,,.445,17.5,5.2,4.9,0.5,Nov 21 1984,Mount Airy
11,Keith Booth\boothke01,2,1998,1999,45,449,51,157,1,11,27,48,27,97,39,22,11,42,63,130,.325,.091,.563,10.0,2.9,2.2,0.9,Oct 9 1974,Baltimore
12,Ken Boyd\boydke01,1,1975,1975,6,25,7,13,,,5,11,3,5,2,3,0,,2,19,.538,,.455,4.2,3.2,0.8,0.3,Mar 25 1952,Frederick
13,Charles Bradley\bradlch01,3,1982,1984,110,910,127,305,0,4,93,159,42,119,55,46,34,87,151,347,.416,.000,.585,8.3,3.2,1.1,0.5,May 16 1959,Havre De Grace
14,Dudley Bradley\bradldu01,9,1980,1989,600,10192,1222,2780,101,345,586,803,317,1098,1147,940,182,682,1220,3131,.440,.293,.730,17.0,5.2,1.8,1.9,Mar 19 1957,Baltimore
15,Reggie Bullock\bullore01,9,2014,2022,392,8498,1070,2496,592,1541,219,261,123,925,462,219,52,230,514,2951,.429,.384,.839,21.7,7.5,2.4,1.2,Mar 16 1991,Baltimore
16,Evers Burns\burnsev01,1,1994,1994,23,143,22,55,0,0,12,23,13,30,9,6,3,7,33,56,.400,,.522,6.2,2.4,1.3,0.4,Aug 24 1971,Baltimore
17,Sam Cassell\cassesa01,15,1994,2008,993,29812,5698,12558,672,2029,3567,4144,618,3221,5939,1058,163,2418,2744,15635,.454,.331,.861,30.0,15.7,3.2,6.0,Nov 18 1969,Baltimore
18,Marcus Cousin\cousima01,1,2011,2011,4,18,2,3,0,0,0,0,0,3,0,0,1,1,1,4,.667,,,4.5,1.0,0.8,0.0,Dec 18 1986,Baltimore
19,Dante Cunningham\cunnida01,10,2010,2019,715,14875,1772,3777,216,626,373,575,804,2676,506,459,336,352,1227,4133,.469,.345,.649,20.8,5.8,3.7,0.7,Apr 22 1987,Clinton
20,Quintin Dailey\dailequ01,10,1983,1992,528,12170,2936,6460,21,133,1577,2025,421,1307,1188,500,51,1025,1231,7470,.454,.158,.779,23.0,14.1,2.5,2.3,Jan 22 1961,Baltimore
21,Malcolm Delaney\delanma01,2,2017,2018,127,2262,254,673,72,234,149,185,19,223,356,74,7,161,194,729,.377,.308,.805,17.8,5.7,1.8,2.8,Mar 11 1989,Baltimore
22,Juan Dixon\dixonju01,7,2003,2009,436,8509,1400,3393,331,972,547,657,155,816,775,341,34,552,733,3678,.413,.341,.833,19.5,8.4,1.9,1.8,Oct 9 1978,Baltimore
23,Joey Dorsey\dorsejo01,4,2009,2015,130,1488,142,266,0,1,60,160,198,513,55,67,44,86,256,344,.534,.000,.375,11.4,2.6,3.9,0.4,Dec 16 1983,Baltimore
24,Jeff Dowtin\dowtije01,1,2022,2022,3,10,2,4,0,0,0,0,0,2,0,0,0,0,1,4,.500,,,3.3,1.3,0.7,0.0,May 10 1997,Upper Marlboro
25,Terry Dozier\doziete01,1,1990,1990,9,92,9,27,0,1,4,8,7,15,3,6,2,7,10,22,.333,.000,.500,10.2,2.4,1.7,0.3,Jun 29 1966,Baltimore
26,Jerome Dyson\dysonje01,1,2012,2012,9,180,19,48,1,8,28,36,2,19,18,11,2,20,19,67,.396,.125,.778,20.0,7.4,2.1,2.0,May 1 1987,Rockville
27,Corsley Edwards\edwarco01,1,2005,2005,10,110,10,31,0,0,7,12,12,25,3,3,4,2,19,27,.323,,.583,11.0,2.7,2.5,0.3,Mar 5 1979,Baltimore
28,Kim English\engliki01,1,2013,2013,41,407,42,112,14,50,21,29,8,37,26,16,3,19,46,119,.375,.280,.724,9.9,2.9,0.9,0.6,Sep 24 1988,Baltimore
29,Duane Ferrell\ferredu01,11,1989,1999,583,8734,1420,2961,42,146,822,1096,552,1132,509,302,105,509,902,3704,.480,.288,.750,15.0,6.4,1.9,0.9,Feb 28 1965,Baltimore
30,Danny Ferry\ferryda01,13,1991,2003,917,18133,2505,5615,677,1724,752,895,647,2550,1185,384,292,811,1964,6439,.446,.393,.840,19.8,7.0,2.8,1.3,Oct 17 1966,Hyattsville
31,Steve Francis\francst01,9,2000,2008,576,21632,3543,8267,575,1684,2785,3494,960,3215,3473,846,223,2030,1813,10446,.429,.341,.797,37.6,18.1,5.6,6.0,Feb 21 1977,Silver Spring
32,Markelle Fultz\fultzma01,4,2018,2021,113,2891,510,1142,44,166,164,236,83,376,524,127,22,207,234,1228,.447,.265,.695,25.6,10.9,3.3,4.6,May 29 1998,Upper Marlboro
33,Paul Gordon\gordopa01,1,1950,1950,4,,0,6,,,3,5,,,3,,,,3,3,.000,,.600,,0.8,,0.8,Apr 8 1927,Baltimore
34,Treveon Graham\grahatr01,4,2017,2020,180,2883,266,694,120,360,105,152,121,400,144,76,16,76,297,757,.383,.333,.691,16.0,4.2,2.2,0.8,Oct 28 1993,Temple Hills
35,Jerian Grant\grantje02,5,2016,2020,279,4998,593,1442,174,539,332,431,92,530,805,205,33,274,411,1692,.411,.323,.770,17.9,6.1,1.9,2.9,Oct 9 1992,Silver Spring
36,Devin Gray\grayde01,2,1997,2000,27,173,23,63,0,0,21,34,17,39,7,9,3,9,33,67,.365,,.618,6.4,2.5,1.4,0.3,May 31 1972,Baltimore
37,Jeff Green\greenje02,14,2008,2022,1003,29284,4628,10396,1056,3105,2470,3071,878,4354,1560,699,525,1435,2182,12782,.445,.340,.804,29.2,12.7,4.3,1.6,Aug 28 1986,Cheverly
38,Josh Hart\hartjo01,5,2018,2022,264,6959,835,1899,371,1069,319,430,217,1463,480,231,98,266,589,2360,.440,.347,.742,26.4,8.9,5.5,1.8,Mar 6 1995,Silver Spring
39,Kevin Henderson\hendeke01,2,1987,1988,22,235,24,61,0,1,17,28,10,24,34,9,0,21,35,65,.393,.000,.607,10.7,3.0,1.1,1.5,Mar 22 1964,Baltimore
40,Haywood Highsmith\highsha01,1,2019,2019,5,40,4,10,1,5,0,2,0,5,2,1,0,1,1,9,.400,.200,.000,8.0,1.8,1.0,0.4,Dec 9 1996,Baltimore
41,Jarrett Jack\jackja01,13,2006,2018,867,24140,3374,7673,620,1809,1981,2316,277,2487,3952,683,107,1723,1583,9349,.440,.343,.855,27.8,10.8,2.9,4.6,Oct 28 1983,Fort Washington
42,Tracy Jackson\jackstr01,3,1982,1984,129,1797,279,602,2,13,134,179,123,243,132,78,14,108,183,694,.463,.154,.749,13.9,5.4,1.9,1.0,Apr 21 1959,Rockville
43,Thomas Jordan\jordath01,1,1993,1993,4,106,18,41,0,0,8,17,5,19,3,3,5,12,14,44,.439,,.471,26.5,11.0,4.8,0.8,May 23 1968,Baltimore
44,Stanton Kidd\kiddst01,1,2020,2020,4,15,0,3,0,1,0,0,0,3,1,0,0,2,3,0,.000,.000,,3.8,0.0,0.8,0.3,Mar 18 1992,Baltimore
45,Ty Lawson\lawsoty01,8,2010,2017,551,16088,2496,5424,473,1319,1512,1964,351,1506,3316,636,52,1159,898,6977,.460,.359,.770,29.2,12.7,2.7,6.0,Nov 3 1987,Clinton
46,Damion Lee\leeda03,5,2018,2022,174,3702,519,1208,225,627,214,248,81,618,269,129,18,134,287,1477,.430,.359,.863,21.3,8.5,3.6,1.5,Oct 21 1992,Baltimore
47,Kurk Lee\leeku01,1,1991,1991,48,265,19,71,3,15,25,28,7,30,34,11,2,20,39,66,.268,.200,.893,5.5,1.4,0.6,0.7,Jun 3 1967,Baltimore
48,Reggie Lewis\lewisre01,6,1988,1993,450,14676,3198,6550,27,135,1479,1794,577,1938,1153,569,417,708,1268,7902,.488,.200,.824,32.6,17.6,4.3,2.6,Nov 21 1965,Baltimore
49,Matt Maloney\malonma01,6,1997,2003,295,7470,783,1920,399,1073,212,266,62,500,852,240,14,381,376,2177,.408,.372,.797,25.3,7.4,1.7,2.9,Dec 6 1971,Silver Spring
50,Chris McCray\mccrach01,1,2007,2007,5,12,0,3,0,0,0,0,0,0,0,0,0,2,1,0,.000,,,2.4,0.0,0.0,0.0,May 27 1984,Capitol Heights
51,Rodney McGruder\mcgruro01,6,2017,2022,244,4947,529,1265,204,603,127,195,207,712,311,124,43,158,366,1389,.418,.338,.651,20.3,5.7,2.9,1.3,Jul 29 1991,Landover
52,Malcolm Miller\millema01,3,2018,2020,53,355,36,83,26,64,10,16,7,36,15,7,5,10,33,108,.434,.406,.625,6.7,2.0,0.7,0.3,Mar 6 1993,Gaithersburg
53,Rodney Monroe\monroro01,1,1992,1992,38,313,53,144,6,27,19,23,12,33,27,12,2,23,19,131,.368,.222,.826,8.2,3.4,0.9,0.7,Apr 16 1968,Baltimore
54,Terence Morris\morrite01,3,2002,2006,139,1934,209,514,22,112,32,45,123,377,93,35,49,81,126,472,.407,.196,.711,13.9,3.4,2.7,0.7,Jan 11 1979,Frederick
55,Gary Neal\nealga01,7,2011,2017,352,7507,1275,3021,460,1203,460,541,81,760,573,145,10,365,525,3470,.422,.382,.850,21.3,9.9,2.2,1.6,Oct 3 1984,Baltimore
56,Daniel Ochefu\ochefda01,1,2017,2017,19,75,12,27,0,0,0,2,5,22,3,2,0,3,17,24,.444,,.000,3.9,1.3,1.2,0.2,Dec 15 1993,Baltimore
57,Victor Oladipo\oladivi01,8,2014,2021,454,14968,2923,6676,729,2101,1380,1745,270,2094,1796,743,217,1163,1090,7955,.438,.347,.791,33.0,17.5,4.6,4.0,May 4 1992,Silver Spring
58,Arinze Onuaku\onuakar01,3,2014,2017,19,126,15,23,0,0,4,10,11,35,9,1,4,5,12,34,.652,,.400,6.6,1.8,1.8,0.5,Jul 13 1987,Lanham
59,Chinanu Onuaku\onuakch01,2,2017,2018,6,74,7,12,0,0,4,4,3,14,4,3,1,7,10,18,.583,,1.000,12.3,3.0,2.3,0.7,Nov 1 1996,Baltimore
60,Immanuel Quickley\quickim01,2,2021,2022,91,1823,316,804,162,437,196,218,36,200,194,48,12,84,169,990,.393,.371,.899,20.0,10.9,2.2,2.1,Jun 17 1999,Havre de Grace
61,Dennis Scott\scottde01,10,1991,2000,629,17983,2962,7111,1214,3060,956,1206,367,1774,1296,525,197,768,1275,8094,.417,.397,.793,28.6,12.9,2.8,2.1,Sep 5 1968,Hagerstown
62,Josh Selby\selbyjo01,2,2012,2013,38,296,31,94,3,21,18,25,2,20,34,9,0,36,24,83,.330,.143,.720,7.8,2.2,0.5,0.9,Mar 27 1991,Baltimore
63,Gene Shue\shuege01,10,1955,1964,699,23338,3715,9378,,,2638,3273,,2855,2608,,,,1405,10068,.396,,.806,33.4,14.4,4.1,3.7,Dec 18 1931,Baltimore
64,Dickey Simpkins\simpkdi01,7,1995,2002,327,5201,495,1124,2,9,396,641,423,1187,305,91,60,368,593,1388,.440,.222,.618,15.9,4.2,3.6,0.9,Apr 6 1972,Fort Washington
65,Henry Sims\simshe01,4,2013,2016,135,2542,403,856,4,23,221,288,248,670,140,76,64,153,289,1031,.471,.174,.767,18.8,7.6,5.0,1.0,Mar 27 1990,Baltimore
66,Tal Skinner\skinnta01,2,1975,1976,145,2798,274,632,,,112,177,224,608,152,99,24,,277,660,.434,,.633,19.3,4.6,4.2,1.0,Sep 10 1952,Berlin
67,Larry Spriggs\sprigla01,5,1982,1986,169,2202,341,659,0,6,191,254,125,384,218,80,28,209,338,873,.517,.000,.752,13.0,5.2,2.3,1.3,Sep 8 1959,Cheverly
68,DaJuan Summers\summeda01,4,2010,2013,83,820,103,268,29,79,43,67,24,82,29,18,8,37,104,278,.384,.367,.642,9.9,3.3,1.0,0.3,Jan 24 1988,Baltimore
69,Mike Sweetney\sweetmi01,4,2004,2007,233,3610,564,1164,0,2,388,563,400,1045,145,73,107,277,569,1516,.485,.000,.689,15.5,6.5,4.5,0.6,Oct 25 1982,Oxon Hill
70,Isaiah Todd\toddis01,1,2022,2022,5,14,4,10,4,7,1,2,1,2,0,2,1,1,1,13,.400,.571,.500,2.8,2.6,0.4,0.0,Oct 17 2001,Baltimore
71,Marvin Webster\webstma01,10,1976,1987,617,13364,1630,3343,2,7,1040,1675,1482,4218,752,228,881,873,1505,4302,.488,.286,.621,21.7,7.0,6.8,1.2,Apr 13 1952,Baltimore
72,Greg Whittington\whittgr01,1,2021,2021,4,12,0,3,0,2,0,0,0,0,0,0,0,0,0,0,.000,.000,,3.0,0.0,0.0,0.0,Feb 7 1993,Columbia
73,Reggie Williams\willire01,10,1988,1997,599,16013,2992,6848,373,1253,1151,1468,785,2393,1492,802,407,1051,1920,7508,.437,.298,.784,26.7,12.5,4.0,2.5,Mar 5 1964,Baltimore
74,Kennard Winchester\winchke01,3,1991,1993,122,1028,172,414,13,41,60,77,57,131,46,28,25,47,115,417,.415,.317,.779,8.4,3.4,1.1,0.4,Sep 3 1966,Chestertown
75,David Wingate\wingada01,15,1987,2001,740,13243,1690,3798,79,290,707,958,445,1420,1376,597,122,853,1249,4166,.445,.272,.738,17.9,5.6,1.9,1.9,Dec 15 1963,Baltimore
76,Perry Young\youngpe01,1,1987,1987,9,72,6,21,0,0,1,2,3,8,7,5,1,4,14,13,.286,,.500,8.0,1.4,0.9,0.8,Aug 4 1963,Baltimore
